#Firefly parameters
inertia : [ 0.034756 , 0.000000 , 0.000000 , 0.000000 , 0.045893 , 0.000000 , 0.000000 , 0.000000 , 0.097700]
allocation_matrix : [ 0.500000 , -0.866025 , -1.000000 , 1.000000 , 1.000000 , 0.000000 , 1.000000 , 1.000000 , 0.500000 , 0.866025 , -1.000000 , 1.000000 , -0.500000 , 0.866025 , 1.000000 , 1.000000 , -1.000000 , 0.000000 , -1.000000 , 1.000000 , -0.500000 , -0.866025 , 1.000000 , 1.000000]


rotor_force_constant :  8.54858e-6
rotor_moment_constant : 0.016000
arm_length : 0.2156

roll_gain : 90
pitch_gain : 80
p_gain : 22
q_gain : 18
r_gain : 0.8
